10052
10136
1011
10273
10194
10238
10209
10242
10107
10063
1020
10028
10220
10165
10001
1009
10282
10030
10154
10211
10092
10246
10148
1024
10103
10067
1015
10056
10132
10179
10190
10313
10277
10034
10150
10096
10215
10188
10161
10005
10228
10184
10263
1001
10042
10126
10009
10038
1030
10117
10073
10252
10219
1019
10175
10011
10230
10082
10201
10020
10144
1028
10113
10077
102
10158
10256
10
10303
10267
10180
10169
10046
10122
1005
10205
10086
10024
10140
10171
10015
10296
10198
10234
10306
10185
10008
1000
10043
10127
10116
10072
10039
10253
10174
10010
10293
1018
10231
10200
10083
10021
10145
10159
10112
10076
103
10257
10181
10266
10047
10123
1004
10168
10087
10025
10141
10170
10014
10199
10235
10053
10137
1010
10018
10195
10239
10243
10208
10106
10062
1021
1008
10283
10164
10000
10031
10155
10093
10210
10247
10323
1025
10102
10066
10149
10178
1014
10057
10133
10191
10035
10151
10214
10097
10189
10160
10004
1002
10041
10125
10187
10251
10114
10070
10278
10233
10176
10012
10291
10059
10068
10023
10147
10202
10081
10249
10255
10110
10074
101
10045
10121
1006
10183
10264
10027
10143
10085
10206
10237
1
10295
10139
10172
10016
10197
10270
10299
10051
10135
1012
10104
10060
1023
10089
10049
10281
10166
10002
10223
10268
10091
10212
10033
10157
1027
10100
10245
10274
10193
10055
10131
10216
10095
10118
10037
10153
10162
10006
10129
10315
10271
10196
10298
10050
10134
1013
10105
10061
10088
10167
10003
10048
10269
10222
10090
10079
10032
10156
1026
10101
10065
10244
10192
10275
1017
10130
10094
10217
10036
10152
10119
10128
10284
10007
1003
10040
10124
10288
10186
10261
10250
10098
1032
10115
10071
10232
10279
10058
10177
10013
10022
10146
10080
10248
10203
10254
10111
10075
100
10120
1007
10301
10265
10182
10109
10026
10142
10084
10328
10236
10173
10138
